5.763123999999999469e-01
5.462236999999998677e-01
2.164871999999999908e-01
5.202126000000002470e-01
7.227098999999999052e-01
1.732803999999998901e-01
5.564100000000005153e-01
4.495567000000004754e-01
3.700992999999996869e-01
4.526871999999997342e-01
5.699199000000003679e-01
2.172901999999998779e-01
2.167991999999996366e-01
8.365201999999998250e-01
1.891650999999994198e-01
2.014588999999995522e-01
5.547009000000002743e-01
2.151615000000006717e-01
2.271251999999996940e-01
6.100232999999999350e-01
4.509594999999997356e-01
3.845766999999984392e-01
2.256593999999996214e-01
4.585851000000005229e-01
6.677007000000010351e-01
6.410694000000010107e-01
2.497781999999997282e-01
2.450440999999994318e-01
1.818177999999992522e-01
7.654852999999999241e-01
7.146468000000005816e-01
1.992396999999996865e-01
3.227054000000002532e-01
3.535849999999989279e-01
8.694678000000006790e-01
4.645550999999983333e-01
3.190737000000005708e-01
6.031827000000014039e-01
5.305682000000011556e-01
2.421435999999985711e-01
3.491590000000002192e-01
5.445680999999993332e-01
2.767745999999995377e-01
7.667783999999997491e-01
1.829323999999985517e-01
4.144107000000012420e-01
5.004169000000011636e-01
2.335915999999969017e-01
2.438333999999997559e-01
6.359454999999982761e-01
2.287819000000013148e-01
2.363868999999994003e-01
6.018091999999981567e-01
1.735895000000020616e-01
8.961211000000020022e-01
6.509519000000025812e-01
3.116977999999974713e-01
5.267604000000005726e-01
3.920834999999982529e-01
9.360229999999987172e-01
1.946298000000012962e-01
7.691377999999993165e-01
4.931763000000017882e-01
4.362983000000006939e-01
1.828251999999999100e-01
2.903601999999985139e-01
4.183331999999992945e-01
2.131222000000008165e-01
2.638822999999987928e-01
6.854690999999988321e-01
2.238205999999962614e-01
2.389180000000052928e-01
4.278138000000026864e-01
5.517030999999974483e-01
4.619894000000002166e-01
3.624375999999998044e-01
1.880718000000030088e-01
5.544551999999995928e-01
3.893150000000034083e-01
4.679850000000058685e-01
4.042761999999981981e-01
3.308952000000005000e-01
5.795596999999972354e-01
9.570791000000014037e-01
1.931665000000037935e-01
5.066901000000001432e-01
2.506292999999999438e-01
8.027178999999975417e-01
2.726174000000014530e-01
3.405960999999990690e-01
4.972898999999983971e-01
3.916204000000007568e-01
8.051584000000033825e-01
2.009534999999971205e-01
5.726162999999999670e-01
1.953001999999983695e-01
2.925639999999987140e-01
5.443318000000019197e-01
2.267312999999973044e-01
2.394591999999988730e-01
4.548794000000029314e-01
2.655845000000027767e-01
2.545387999999988438e-01
9.929970999999966352e-01
6.389723000000060438e-01
2.730223999999950024e-01
1.890655999999992787e-01
7.173946999999998297e-01
7.764316999999962832e-01
5.317822999999961553e-01
1.409967899999998053e+00
2.276975999999990563e-01
5.324888000000029820e-01
3.081390999999982228e-01
2.785164000000008855e-01
7.603527999999997178e-01
2.659950999999978194e-01
3.528306999999983873e-01
5.944543999999964967e-01
1.980629999999976576e-01
1.410353400000005308e+00
2.368072000000012167e-01
7.640819000000007577e-01
1.922017999999994231e-01
2.377820000000028244e-01
3.474855999999988398e-01
7.297853999999972530e-01
9.845242000000027360e-01
7.472628999999955113e-01
2.858491000000000781e-01
7.065167999999957260e-01
1.076596600000002013e+00
5.748944999999991978e-01
3.481172000000043454e-01
5.283766999999954805e-01
5.089310000000040191e-01
1.997161999999974569e-01
4.196201000000030490e-01
4.102082999999936419e-01
3.463324999999883858e-01
6.030264999999985776e-01
4.915840999999971928e-01
4.327710999999965225e-01
3.466086999999902218e-01
1.148760899999999197e+00
1.965059999999994034e-01
4.805539999999979273e-01
4.696654000000108908e-01
3.368712000000044782e-01
2.166836000000103013e-01
3.506716999999923701e-01
7.470777999999995700e-01
4.203238000000055763e-01
6.206836000000066633e-01
3.074936000000008107e-01
4.701719999999909305e-01
1.723624999999913143e-01
3.013644999999911533e-01
6.668343999999990501e-01
1.786041999999952168e-01
2.533054000000021233e-01
8.438843000000133543e-01
1.893013999999908492e-01
1.006817699999999149e+00
3.955074999999936836e-01
8.082014999999955762e-01
3.934607999999997219e-01
2.393335000000007540e-01
6.011219000000096457e-01
2.084526000000010981e-01
3.856055999999910000e-01
5.794598000000092952e-01
5.610717999999934591e-01
5.132321000000104050e-01
5.005158000000022867e-01
3.020845000000065284e-01
2.503071999999946229e-01
5.033207999999973481e-01
5.733724999999907368e-01
2.813790000000011560e-01
3.341860999999965998e-01
4.455659999999994625e-01
6.405694999999980155e-01
8.195512000000064745e-01
2.849822000000017397e-01
6.532370999999983496e-01
2.644144000000068218e-01
3.510904999999979736e-01
1.430518300000002796e+00
6.408040999999968790e-01
5.337966999999963491e-01
2.907582999999931417e-01
3.000399999999956435e-01
5.596318000000053416e-01
3.036547999999896774e-01
7.633255000000076507e-01
3.073023000000034699e-01
5.236134999999961792e-01
2.241410000000030323e-01
8.382762999999897602e-01
3.026192000000094140e-01
7.656302000000039243e-01
4.458884999999952470e-01
4.463286999999951377e-01
4.667559999999895126e-01
3.886745000000075834e-01
1.857904999999959728e-01
5.736437000000051967e-01
7.582154999999914935e-01
2.266838999999976068e-01
4.520382999999981166e-01
1.906292000000036069e-01
2.892979000000082124e-01
5.617785000000026230e-01
1.935357999999922640e-01
6.094583000000000084e-01
4.586477000000002135e-01
4.092519000000010010e-01
1.032174600000004716e+00
2.449285999999943897e-01
1.970857000000023618e-01
2.538249999999919737e-01
5.220039999999954716e-01
1.892844999999994116e-01
2.571516000000002578e-01
6.140445000000056552e-01
2.992281999999875097e-01
5.291464999999959673e-01
6.251904000000081396e-01
7.709988999999950465e-01
6.585600000000084719e-01
5.011172000000101434e-01
4.824733000000094307e-01
3.067190000000010741e-01
6.094211999999998852e-01
1.931313999999986208e-01
2.873575999999928854e-01
7.344803999999953703e-01
3.195508999999958633e-01
1.760502000000059297e-01
6.234622000000058506e-01
2.697598999999968328e-01
5.213171999999985928e-01
3.137564999999966631e-01
6.204493000000042002e-01
2.551859999999948059e-01
2.938504999999906886e-01
1.156170399999993492e+00
8.645690000000030295e-01
4.009575999999981377e-01
1.997506000000015547e-01
2.044089999999982865e-01
7.645162999999968179e-01
7.228102999999919120e-01
1.200347399999998288e+00
5.271470999999934293e-01
2.965554999999966412e-01
2.607268999999945436e-01
3.323707999999925278e-01
6.298955999999975575e-01
5.907488000000000739e-01
2.575154999999966776e-01
4.033500000000032060e-01
1.772113799999999628e+00
5.629571999999996024e-01
2.189399999999892543e-01
7.891393999999962716e-01
1.736147000000016760e-01
3.604802999999918711e-01
1.633480399999996280e+00
3.806161999999915224e-01
6.771458999999993011e-01
1.029353999999983671e+00
2.331722000000127082e-01
3.966962000000080479e-01
5.294442000000003645e-01
4.781629000000009455e-01
4.914934999999900356e-01
4.024473999999997886e-01
3.948675000000037016e-01
3.571823000000051707e-01
4.813077000000021144e-01
3.001672999999982494e-01
7.080370999999843207e-01
3.892942999999888798e-01
1.062282900000013797e+00
8.349547000000256958e-01
1.320977499999997917e+00
7.474761000000000877e-01
6.992989999999963402e-01
1.897473000000218235e-01
9.193235999999842534e-01
2.195213999999907628e-01
5.459089999999946485e-01
4.646299000000055912e-01
2.861787999999876320e-01
4.212117000000148437e-01
2.041495999999938249e-01
3.152870999999777268e-01
7.018596000000059121e-01
1.790801999999871441e-01
6.567205000000058135e-01
5.064215000000160671e-01
4.092967999999927997e-01
1.969139999999924839e-01
6.057456000000058793e-01
3.373646000000007916e-01
2.577188000000205648e-01
6.200920999999937067e-01
2.123670000000004165e-01
3.001118999999903281e-01
8.938995000000033997e-01
4.750499000000161232e-01
3.809933999999941534e-01
6.251098999999840089e-01
3.139663999999982025e-01
2.176386000000150034e-01
6.427892999999755830e-01
2.529196000000126787e-01
2.299697000000264779e-01
8.882858999999996286e-01
9.818027000000029147e-01
4.966619000000207507e-01
1.822866999999916970e-01
7.783056000000101449e-01
3.297848000000271895e-01
4.589767999999878612e-01
1.950379900000001498e+00
1.504976699999986067e+00
2.096307400000000598e+00
3.608753999999976259e-01
5.751028999999903135e-01
3.107660999999950491e-01
5.857584000000031210e-01
3.264950000000226282e-01
8.081314000000077158e-01
9.050923000000068441e-01
7.217515999999761789e-01
3.878650000000050113e-01
1.195447300000012092e+00
6.768566000000078020e-01
3.087495999999987362e-01
2.469600000000014006e-01
1.612636600000001863e+00
1.931946999999922809e-01
2.715709000000003925e-01
4.941091000000028544e-01
2.990473000000122283e-01
1.768083999999987554e-01
6.182448999999792250e-01
1.995249000000001161e-01
5.713638000000003103e-01
1.315222299999987854e+00
2.131901999999854525e-01
8.199544000000003052e-01
2.016552999999987605e-01
1.517329799999998841e+00
1.959450000000231285e-01
2.812959000000034848e-01
5.250240000000019336e-01
3.130603999999834741e-01
2.552921999999853142e-01
2.722700999999858595e-01
2.097123000000067350e-01
1.790070999999784362e-01
1.770226000000150179e-01
1.116139099999998052e+00
5.422163000000068678e-01
4.638143999999897460e-01
4.523216000000047643e-01
4.114461000000062540e-01
5.289080999999953292e-01
2.259228999999720600e-01
5.105295000000182881e-01
8.098436000000219792e-01
6.547730000000058226e-01
2.014849299999980303e+00
5.427004000000010819e-01
1.350762799999984054e+00
2.895838999999966745e-01
4.127507000000036896e-01
3.870282999999972162e-01
2.438003000000037446e-01
9.126889000000062424e-01
7.787790999999799624e-01
3.044053000000133125e-01
8.774252999999987424e-01
4.154352999999844087e-01
6.170403999999791722e-01
2.190155000000117980e-01
1.807445000000029722e-01
2.332444000000180040e-01
1.734883999999965454e-01
1.705666999999948530e-01
1.768964999999980137e-01
4.892164000000036594e-01
1.860276999999825875e-01
4.332248999999990247e-01
1.737324999999998454e-01
1.465598800000009305e+00
3.375305000000139444e-01
6.200282000000072458e-01
2.792384999999910633e-01
1.907410999999967771e-01
5.682266999999967538e-01
4.461210000000050968e-01
1.248409399999985681e+00
1.320367299999986699e+00
8.410827000000153930e-01
1.555529100000001108e+00
8.433806000000174663e-01
9.894340999999826636e-01
1.378975599999989754e+00
1.578690499999993335e+00
1.244315999999997757e+00
1.030529799999982288e+00
8.629639999999767497e-01
3.484270999999807827e-01
4.924348000000122738e-01
1.037716200000005529e+00
5.249503000000004249e-01
7.914111999999988711e-01
7.497998999999992975e-01
1.653152199999993854e+00
1.034897000000000844e+00
3.510132000000112384e-01
1.281474700000018174e+00
6.912519999999915399e-01
9.933283999999957814e-01
1.698228000000000293e+00
1.518107799999995677e+00
3.188644600000003493e+00
3.980611500000009073e+00
2.052118000000007214e+00
5.730531000000098629e-01
8.106559999999944921e-01
4.119368000000065422e-01
4.235319999999944685e-01
7.222180999999920914e-01
6.280454000000190717e-01
7.488744999999994434e-01
3.825882999999805634e-01
1.862308000000041375e-01
9.819037999999977728e-01
3.778501000000176191e-01
3.645817000000022290e-01
7.170238000000210832e-01
4.289962999999943349e-01
6.664332999999942331e-01
6.626586000000145305e-01
6.383371000000011009e-01
3.085651000000098065e-01
9.016541000000017902e-01
5.340297999999847889e-01
3.961084000000028027e-01
7.498665999999900578e-01
8.468371000000161075e-01
5.133748000000082357e-01
6.944741000000078657e-01
6.773253000000067914e-01
3.098631999999952313e-01
3.063994000000036522e-01
1.071194399999995994e+00
5.040771999999833497e-01
8.062306999999577783e-01
1.000735999999960768e+00
3.266204999999899883e-01
2.611806000000456152e-01
7.102949000000080559e-01
3.377138000000172724e-01
7.439636999999947875e-01
1.111469499999998334e+00
9.223182000000065273e-01
5.971336999999721229e-01
4.559037999999873136e-01
7.743694999999775064e-01
5.263359999999579486e-01
7.787427000000093358e-01
7.508174000000167325e-01
8.605586000000471358e-01
3.172069000000306005e-01
6.907414000000358101e-01
6.036300999999753003e-01
4.957340999999928499e-01
4.976813000000106513e-01
7.996234999999956017e-01
6.196013999999649968e-01
3.403338999999618864e-01
1.267044799999951010e+00
5.352598000000057255e-01
6.388723000000027241e-01
6.984162999999625754e-01
9.126335999999923843e-01
9.011302000000114276e-01
6.737079000000107953e-01
2.001285000000052605e-01
5.014897000000360094e-01
5.924630000000092878e-01
6.597328999999945154e-01
2.123923000000331740e-01
3.165516000000252461e-01
4.107685999999830528e-01
3.502917000000138614e-01
4.906123000000093271e-01
6.059472000000027947e-01
3.411485999999968044e-01
8.162737000000106491e-01
5.887586999999712134e-01
5.851229999999532083e-01
6.058007999999972526e-01
2.036396999999965374e-01
8.449128999999970802e-01
1.816000999999687338e-01
5.083178999999518055e-01
2.336410999999998239e-01
8.716306000000031418e-01
2.340625999999588203e-01
3.047754000000395536e-01
5.590851999999699729e-01
4.927627999999799613e-01
8.224936999999954423e-01
6.309411000000295644e-01
1.798954000000207998e-01
6.321090000000140208e-01
3.216792000000054941e-01
7.723735999999803425e-01
2.144332999999960521e-01
3.008388999999738189e-01
5.373964999999998327e-01
2.493052000000375301e-01
6.631894999999872198e-01
3.298914000000081614e-01
1.686736000000337299e-01
6.001511000000050444e-01
5.509286000000201966e-01
3.446943000000146640e-01
2.458933000000342872e-01
1.998368999999797779e-01
5.585001000000033855e-01
2.886396000000104323e-01
1.997972000000345361e-01
7.092246999999929358e-01
2.657273999999461012e-01
6.855027999999947497e-01
4.029893000000015491e-01
5.231359999999654065e-01
1.996419999999829997e-01
3.141426999999907821e-01
5.897727999999915482e-01
9.804100999999718624e-01
1.703549999999722786e-01
3.746760000000222135e-01
5.233154999999669599e-01
1.133753000000012889e+00
2.347594000000299275e-01
6.591053999999871849e-01
3.940822000000139269e-01
7.556634999999687352e-01
3.346210000000269247e-01
5.301557999999886306e-01
2.349342999999635140e-01
8.033161999999833824e-01
9.330610999999748856e-01
1.943142999999736276e-01
2.772989999999708743e-01
8.893726999999671534e-01
6.668669000000022606e-01
2.355466000000205895e-01
3.892554999999902066e-01
7.123129000000290034e-01
5.137201999999660984e-01
3.068539000000214401e-01
2.559744000000137021e-01
3.630111999999598993e-01
8.168736000000080821e-01
3.507065000000011423e-01
3.336978999999473672e-01
5.163300000000390355e-01
3.929812000000083572e-01
6.494619000000056985e-01
1.705409000000486230e-01
7.062066000000299937e-01
2.281821000000263666e-01
2.977277000000526641e-01
1.777287999999543899e-01
9.630523999999809348e-01
6.854199999999650572e-01
5.120754999999803658e-01
5.108000000000174623e-01
6.073475999999686792e-01
1.945155999999883534e-01
4.877422999999794229e-01
6.980947000000128355e-01
5.466028000000164866e-01
6.900392000000010739e-01
5.770878999999808912e-01
2.275174999999762804e-01
7.753670000000170148e-01
1.975241999999752807e-01
4.666371000000140157e-01
4.206424000000197339e-01
8.637970000000336768e-01
2.371890000000007603e-01
2.811115000000086184e-01
6.969687999999791828e-01
2.732022000000142725e-01
6.381686999999942600e-01
4.436744000000203414e-01
5.598120000000221808e-01
8.500953999999865118e-01
2.398598999999990156e-01
2.069877999999789608e-01
2.928597999999738022e-01
1.028143399999976282e+00
4.740888000000040847e-01
2.371430999999688538e-01
2.976352999999676285e-01
6.009123999999701482e-01
7.356378000000063366e-01
3.881160999999906380e-01
2.037512999999648855e-01
5.991968999999812695e-01
7.530356999999980872e-01
3.820878999999877124e-01
1.643705999999838241e-01
6.822346999999808759e-01
3.104369999999789798e-01
9.456531999999810978e-01
7.129103999999983898e-01
3.539233999999851221e-01
9.272240999999894484e-01
2.550686000000155218e-01
4.936501000000248496e-01
1.859183000000257380e-01
2.782748000000196953e-01
1.048384800000007999e+00
3.661731999999915388e-01
3.319611000000008971e-01
7.310679999999933898e-01
2.458192999999937456e-01
7.119038000000159627e-01
2.958224999999856664e-01
6.145738000000164902e-01
3.449183000000175525e-01
8.658433999999601838e-01
2.099461000000246713e-01
5.979105999999774212e-01
6.826755000000161999e-01
6.896234000000163178e-01
7.357469000000378401e-01
4.308978000000251996e-01
9.921985000000290711e-01
4.888103000000114662e-01
2.637349999999969441e-01
7.890247999999928652e-01
2.015849999999659303e-01
3.073807000000101652e-01
7.100684000000114793e-01
1.964510999999902197e-01
7.503997000000026674e-01
2.444128000000205247e-01
7.833038999999644147e-01
4.363114999999879728e-01
4.649345000000266737e-01
5.378220000000055734e-01
2.715575000000285399e-01
2.001940000000104192e-01
3.838180999999849519e-01
4.970260000000052969e-01
5.048793000000273423e-01
2.264059999999972206e-01
4.711221000000023196e-01
2.400509999999940192e-01
6.632167999999865060e-01
1.902344999999741049e-01
3.801241999999547261e-01
4.751036999999769250e-01
1.898452000000361295e-01
6.069182999999611638e-01
2.412286999999651016e-01
8.941661000000067361e-01
2.024617000000148437e-01
3.782122999999728563e-01
9.108562999999776366e-01
6.912919999999758147e-01
2.729851999999937107e-01
6.672429000000192900e-01
2.176758699999993496e+00
2.626666599999964546e+00
6.236260000000015680e-01
4.561156000000323729e-01
9.792430000000535983e-01
5.923781999999846448e-01
5.989251999999964937e-01
1.332869800000025862e+00
5.436717999999700623e-01
3.045081999999865729e-01
6.577176000000122258e-01
1.005463099999985843e+00
5.969820999999910782e-01
7.030287000000043918e-01
8.855065999999851556e-01
4.543246000000067397e-01
9.038626999999905820e-01
3.820002000000499720e-01
2.456513999999856424e-01
7.244481000000178028e-01
1.735989999999674183e-01
2.824235999999586966e-01
7.307357999999908316e-01
2.374449000000140586e-01
6.210332999999650383e-01
2.484739999999874271e-01
4.295998000000054162e-01
5.619803000000160864e-01
2.238291000000458553e-01
2.623078999999961525e-01
6.364176999999813233e-01
2.572240999999735322e-01
7.113737000000242006e-01
4.749827999999638450e-01
3.891787999999678505e-01
4.228963999999564294e-01
8.230563999999844782e-01
6.226848999999674561e-01
3.338941999999974541e+00
1.449975600000016129e+00
5.352897999999868262e-01
8.000871000000415734e-01
2.821413000000347893e-01
5.762663999999517728e-01
6.635477000000378212e-01
5.295999999999594365e-01
4.098890000000210421e-01
5.415294999999673564e-01
5.716694000000188680e-01
6.147586000000160311e-01
8.163766999999779728e-01
3.395936000000006061e-01
1.214956900000004225e+00
4.856299000000490196e-01
1.760974999999689317e-01
8.775392999999667154e-01
6.096997999999871354e-01
3.643864000000007763e-01
2.355405000000132532e-01
3.069280999999932646e-01
4.641809999999964020e-01
3.134423999999853550e-01
5.435529000000087763e-01
1.891165999999770975e-01
7.283836999999948603e-01
4.122164000000339001e-01
7.585415000000352848e-01
2.205237000000010994e-01
2.476717999999777930e-01
7.880470000000059372e-01
9.010762999999997191e-01
3.365732999999977437e-01
5.237565000000472537e-01
3.944656999999551772e-01
3.809120999999890955e-01
1.214331599999979971e+00
5.299457000000415974e-01
8.911893000000077336e-01
6.792343999999843618e-01
2.449338999999781663e-01
3.160192999999935637e-01
6.879488999999807675e-01
7.212207000000034895e-01
1.982464000000163651e-01
6.903065999999853375e-01
5.673673999999664375e-01
1.843059000000266678e-01
5.137069000000451524e-01
3.516900000000191540e-01
4.213844999999878382e-01
6.790287000000034823e-01
7.569930999999883170e-01
1.601957200000015291e+00
1.412022700000022724e+00
1.501253000000019711e+00
1.178712500000017371e+00
2.324725999999941450e-01
3.203064999999583051e-01
6.138095999999677588e-01
3.826839000000177293e-01
7.025633999999740809e-01
2.393919000000437336e-01
5.270924999999806460e-01
4.706420999999636479e-01
6.361474999999927604e-01
3.044522999999799140e-01
2.454337000000350599e-01
4.172152000000437511e-01
2.067569000000162305e-01
1.703618500000004587e+00
4.059154000000262386e-01
1.038810300000022835e+00
2.697616000000380154e-01
5.114700999999968190e-01
2.296867999999676613e-01
6.001344000000017331e-01
2.365459999999757201e-01
8.201647999999863714e-01
2.772596000000362437e-01
9.654320999999868036e-01
6.764215999999692031e-01
2.005273999999985790e-01
3.235877000000186854e-01
4.916038999999727821e-01
1.742533000000321408e-01
3.394255000000043765e-01
5.234436000000073363e-01
1.760530000000244399e-01
3.407655999999974483e-01
4.848331000000030144e-01
1.994229000000018459e-01
7.585576999999830150e-01
1.957969000000048254e-01
2.517917999999781387e-01
5.296227000000044427e-01
1.746428999999807274e-01
2.526017000000138069e-01
2.308474999999816646e-01
6.439776000000279055e-01
1.830663999999728730e-01
5.733882000000107837e-01
2.691365999999675296e-01
2.005517000000054395e-01
6.524656000000277345e-01
2.290457999999944150e-01
4.988106999999786240e-01
2.018989000000033229e-01
3.138999000000239903e-01
1.754720999999790365e-01
8.124037999999700332e-01
2.444024000000126762e-01
6.284660000000030777e-01
2.277376999999773943e-01
6.645639999999843894e-01
3.391756999999984146e-01
5.477561999999807085e-01
2.628650999999990745e-01
1.958739999999465908e-01
5.007403000000181237e-01
3.062072999999827516e-01
6.144271999999659783e-01
1.791435999999748674e-01
3.065288999999893349e-01
2.039580999999657251e-01
6.094626999999945838e-01
3.720952000000465887e-01
5.270072000000141088e-01
1.988718000000062602e-01
5.855468999999970947e-01
2.708605999999917913e-01
1.859044999999923675e-01
6.253929999999741085e-01
3.729443999999944026e-01
1.722808999999756452e-01
4.363030000000094333e-01
5.214943999999945845e-01
5.083545999999614651e-01
3.985224999999559259e-01
4.200066999999876316e-01
3.655871999999931177e-01
3.941120000000069012e-01
5.336661000000049171e-01
3.271637999999938984e-01
1.947702000000504086e-01
5.961189000000217675e-01
1.833156000000144559e-01
7.765958000000523498e-01
3.350871000000097411e-01
5.715730999999664164e-01
3.166693000000009306e-01
2.258618999999839616e-01
7.626974000000359410e-01
2.897120999999742708e-01
5.335827999999764870e-01
3.089118999999982407e-01
6.036462999999798740e-01
2.833934999999883075e-01
5.432500999999660962e-01
1.752754000000322776e-01
2.504812999999899148e-01
2.969478999999637381e-01
4.489124000000401793e-01
5.303672000000005937e-01
3.786848000000304637e-01
3.029028000000266729e-01
3.930737000000021908e-01
5.266022000000134540e-01
1.827673999999888110e-01
6.958179000000086489e-01
2.599491999999941072e-01
3.090695000000209802e-01
5.234333000000219727e-01
1.817897999999900094e-01
7.976395000000024993e-01
4.422190999999884298e-01
5.179037999999991371e-01
4.659588999999755288e-01
4.801893000000063694e-01
3.252554000000031920e-01
1.891883999999777188e-01
4.617935999999644991e-01
3.772605000000339714e-01
7.159010000000307627e-01
2.642718000000172651e-01
6.088648999999577427e-01
1.968291000000021995e-01
7.747747000000231310e-01
4.211456000000453059e-01
4.800261999999975160e-01
3.107365999999842643e-01
1.867416000000048371e-01
2.489586000000372223e-01
5.789849000000231172e-01
4.521278000000279462e-01
4.365549999999984720e-01
2.007131999999955951e-01
3.319197999999801141e-01
5.883737999999993917e-01
3.006287000000043008e-01
1.967132000000333392e-01
6.966322000000104708e-01
5.237478999999893858e-01
7.228068999999663902e-01
5.556990000000041618e-01
1.999557000000322660e-01
3.044792999999685890e-01
1.253776999999956843e+00
1.755788000000393367e-01
3.154114000000163287e-01
4.185669000000302731e-01
7.120333000000300672e-01
6.235927999999830718e-01
4.215828999999757798e-01
3.917286999999873842e-01
5.035963999999921725e-01
7.267449000000283377e-01
3.255459000000087144e-01
5.192054999999982101e-01
1.785686000000055174e-01
7.048270000000229629e-01
3.114805000000160362e-01
1.808393000000023676e-01
3.346085000000016407e-01
5.792478000000187421e-01
7.656694000000356937e-01
2.580588999999804400e-01
3.014871999999968466e-01
6.278905000000349901e-01
4.194481000000109816e-01
4.385181000000102358e-01
3.576033999999594926e-01
5.852280000000291693e-01
1.978574000000321575e-01
8.270110999999928936e-01
1.722747999999683088e-01
6.004786999999964792e-01
4.087609000000043125e-01
4.485697999999729291e-01
5.464418999999907101e-01
3.157801999999492182e-01
4.499681999999438631e-01
2.910833000000820903e-01
4.186256000000412314e-01
6.144496999999091713e-01
2.711066999999047766e-01
4.988101000000142449e-01
2.269564000000627857e-01
2.976115999999819905e-01
7.751233999999840307e-01
3.300797000000557091e-01
5.699085999999624619e-01
2.391213000000789179e-01
6.913321999999197942e-01
4.840630999999575579e-01
4.757136000000627973e-01
5.728288999999904263e-01
5.261946000000534696e-01
7.172989999999117572e-01
2.973630000000184737e-01
2.417765999999801352e-01
6.299828999999590451e-01
3.672338000000081593e-01
1.865497000000004846e-01
8.306639999999561041e-01
5.496030000000473592e-01
4.762353000000985048e-01
5.614749000000074375e-01
1.909504999999853680e-01
4.034681999999065738e-01
4.661906000000044514e-01
4.361284000000296146e-01
4.888798999999153239e-01
3.316099000001031527e-01
