1.459676299999998150e+00
1.899660000000054083e-01
1.814888000000038915e-01
2.554094999999989568e-01
1.728197999999991907e-01
1.802286999999935801e-01
1.896738000000013358e-01
1.855344000000016536e-01
1.865135000000037735e-01
1.941550999999961391e-01
2.820661999999956038e-01
2.400218000000009511e-01
1.957406999999946606e-01
1.749694999999960032e-01
1.850915999999998007e-01
1.740259999999977936e-01
1.760918000000017969e-01
2.623210000000000264e-01
1.924109999999998877e-01
2.046010000000038076e-01
2.114055999999990831e-01
1.782621999999989271e-01
1.958930999999992650e-01
1.987455000000011296e-01
2.292409000000006358e-01
1.955985999999967362e-01
1.862853000000015413e-01
1.808065000000027567e-01
2.140880999999978940e-01
1.724788000000003763e-01
2.109613000000010175e-01
2.139318000000045572e-01
1.683826000000010481e-01
2.048273000000051525e-01
1.962426999999991040e-01
1.710125999999974056e-01
1.599983999999992079e-01
1.872749999999996362e-01
2.778636000000034301e-01
1.701801999999972281e-01
1.883898999999971124e-01
1.960922999999965555e-01
1.715306999999981485e-01
1.605772999999999229e-01
1.978295999999986066e-01
2.101807000000022185e-01
1.821096000000039794e-01
1.628496000000012600e-01
1.651556999999996833e-01
1.812162000000014928e-01
1.684719000000001188e-01
1.750840999999994096e-01
2.605446999999969648e-01
1.815404999999969959e-01
1.755988000000030524e-01
1.956380000000024211e-01
1.903878000000034376e-01
2.039383999999984098e-01
1.733358999999978778e-01
2.322660999999968112e-01
1.838580000000007431e-01
1.724585999999987962e-01
1.530619999999984771e-01
1.986245000000010918e-01
1.788728000000006091e-01
1.649072000000018079e-01
2.159368000000014831e-01
1.961770999999998821e-01
1.826402000000015846e-01
1.569525999999967780e-01
1.709014000000053102e-01
1.765156000000018821e-01
1.594078999999908319e-01
2.413652999999982285e-01
1.735985999999911655e-01
1.710556999999965910e-01
1.684080999999935102e-01
1.846764000000007400e-01
1.873336999999963837e-01
1.775013999999970338e-01
2.448593000000016673e-01
1.972047999999944068e-01
1.633466000000112217e-01
1.673282000000000380e-01
1.643619999999970105e-01
1.743333000000006905e-01
1.696407000000021981e-01
2.580922000000072103e-01
1.759346999999991112e-01
2.110301000000021077e-01
1.725622000000015532e-01
1.723467999999996891e-01
1.796613000000064631e-01
1.667246999999889567e-01
2.341146999999921263e-01
1.922666999999904647e-01
1.926712000000065927e-01
1.776611999999886393e-01
1.877645000000001119e-01
1.704830000000043810e-01
1.720099000000061551e-01
2.311142000000074859e-01
1.634384999999980437e-01
2.022412999999971817e-01
1.937981999999891514e-01
1.789555000000007112e-01
2.102620000000001710e-01
1.784419999999897755e-01
2.487873000000035972e-01
1.957378000000034035e-01
1.780209000000070318e-01
1.637067999999999302e-01
2.020789000000036140e-01
1.658831000000020595e-01
1.838568000000009306e-01
2.282430999999860433e-01
1.791174000000097521e-01
1.910276000000123986e-01
1.629229999999921574e-01
1.613376999999900363e-01
1.912923999999947000e-01
1.843159000000014203e-01
2.476471999999887430e-01
2.101045999999939795e-01
1.990236000000038530e-01
1.854518000000098255e-01
1.812491000000022723e-01
1.733018999999984544e-01
1.929769000000050028e-01
2.551612999999974818e-01
1.897875000000084356e-01
1.803104000000104179e-01
1.706096000000059121e-01
1.900679000000025098e-01
1.958867000000026337e-01
1.895073000000024876e-01
2.288991000000066833e-01
1.817575999999974101e-01
1.756064000000066017e-01
1.650618999999977632e-01
1.523834999999991169e-01
1.669984999999911679e-01
1.730344999999999800e-01
2.103759000000025026e-01
1.774922999999972717e-01
1.971802000000053567e-01
1.976396999999963100e-01
1.800128000000000839e-01
1.826577000000071394e-01
1.806646000000000640e-01
2.428929999999951406e-01
1.814222999999941521e-01
1.798882000000077142e-01
1.868090999999907353e-01
2.026404000000070482e-01
1.654904000000101405e-01
2.192718000000013490e-01
2.215398000000021739e-01
1.893869000000023561e-01
1.945754999999991242e-01
1.781940999999989117e-01
2.013010000000008404e-01
1.857458000000065113e-01
1.961899000000073556e-01
2.415213000000022703e-01
2.340817999999984522e-01
1.769374999999939746e-01
1.966682999999989079e-01
1.817280000000067730e-01
1.838202999999936083e-01
1.678669000000070355e-01
2.370236000000005561e-01
2.053676000000024260e-01
1.689175000000062710e-01
1.934007999999920457e-01
2.005470000000002528e-01
1.941467999999986205e-01
1.791389999999921656e-01
2.246679000000000315e-01
1.798766000000000531e-01
1.863323999999977332e-01
1.788997000000023263e-01
1.848592000000053304e-01
1.826530000000019527e-01
1.658041999999966265e-01
2.467175000000025875e-01
1.789108999999911020e-01
1.984813000000116290e-01
1.849057000000016160e-01
1.681896999999992204e-01
1.796606999999994514e-01
1.861525000000057162e-01
2.589890999999937549e-01
1.949344999999880201e-01
1.816551999999944655e-01
1.578827000000018188e-01
2.021117000000032249e-01
1.987797000000028902e-01
1.775860999999991918e-01
2.587586000000072772e-01
1.868398000000013326e-01
2.016559999999998354e-01
1.844162999999952035e-01
1.616999999999961801e-01
1.628713000000061584e-01
1.696838999999954467e-01
2.276039999999994734e-01
1.664865999999989299e-01
1.722704000000021551e-01
1.801542999999981021e-01
1.965203000000030897e-01
1.869733999999994012e-01
1.948666000000116583e-01
2.200392000000022108e-01
2.083884000000040260e-01
1.662998999999985017e-01
2.020205999999973301e-01
1.958338000000026113e-01
1.717781999999914433e-01
1.924639999999868678e-01
2.477738000000044849e-01
1.840112000000004855e-01
1.777677999999980329e-01
1.775547000000017306e-01
1.853404000000011820e-01
1.895166999999986501e-01
1.606807999999944059e-01
2.198210000000102582e-01
2.068500999999969281e-01
1.639337000000011813e-01
1.982821000000001277e-01
1.736343999999974130e-01
1.869656999999875779e-01
1.769462999999973363e-01
2.166974000000010392e-01
1.746291000000042004e-01
1.884932999999904268e-01
1.524498999999934767e-01
2.012531999999964683e-01
1.668456999999818891e-01
1.877738000000022112e-01
2.332210999999801970e-01
1.693327000000124372e-01
2.048567999999875155e-01
1.744553999999993721e-01
1.720463999999992666e-01
1.735146999999983564e-01
1.733423999999956777e-01
2.222970999999915875e-01
1.667951000000016393e-01
1.694843999999875450e-01
1.817838000000051579e-01
1.888615000000015698e-01
1.863960999999960677e-01
1.785789999999849442e-01
2.459916999999904874e-01
1.748746000000096501e-01
1.969204000000104315e-01
1.770290000000045438e-01
1.782336999999927230e-01
1.766168999999990774e-01
1.641975000000002183e-01
2.615717999999844778e-01
1.690456000000040149e-01
1.791830999999888263e-01
1.789909999999963475e-01
1.829459000000213109e-01
1.964104999999847223e-01
1.885720999999875858e-01
2.119921000000033473e-01
1.828979999999944539e-01
1.930679000000168344e-01
1.920581999999910749e-01
1.894735999999852538e-01
1.794050000000027012e-01
1.861849999999947158e-01
2.632385999999939941e-01
1.746924999999919237e-01
1.694494000000190681e-01
1.645018000000106895e-01
1.885082000000011249e-01
1.783771999999999025e-01
1.527695999999991727e-01
2.411054000000092401e-01
1.939124999999819465e-01
1.801057999999784442e-01
1.749165000000232340e-01
1.667956000000003769e-01
1.707093999999926837e-01
1.866950999999801297e-01
2.371220999999934520e-01
2.065892999999903168e-01
1.725337999999965177e-01
1.755244999999945321e-01
1.904523999999980788e-01
1.804812999999967360e-01
1.572553999999968255e-01
2.206524000000058550e-01
1.784155999999939013e-01
1.998820000000023356e-01
1.763458000000071024e-01
1.617889999999988504e-01
1.966571000000101321e-01
1.826162000000124408e-01
2.379516000000023723e-01
1.691923999999858097e-01
1.867466000000206350e-01
1.604907999999909407e-01
1.912902999999914755e-01
1.806185999999740943e-01
2.003946999999755008e-01
2.161546000000100776e-01
1.634348999999986063e-01
1.632668000000023767e-01
1.713187999999945532e-01
1.645575000000008004e-01
1.881975999999951910e-01
1.698489000000051874e-01
2.452590999999983978e-01
1.820141999999975724e-01
1.902104999999778556e-01
2.005996000000038748e-01
1.907351000000119257e-01
1.805139999999880729e-01
1.678298999999867647e-01
2.560342999999818403e-01
1.952374999999904048e-01
2.075561999999990803e-01
1.928323000000204956e-01
1.741832999999815002e-01
2.058054000000026917e-01
1.848215999999922587e-01
2.699944000000016331e-01
1.811507000000176504e-01
1.781864000000155102e-01
1.904334000000176275e-01
1.981009000000142350e-01
1.911058999999966090e-01
1.872084000000029391e-01
2.271579000000087944e-01
2.131316999999910422e-01
1.867960000000152831e-01
1.995060000000137279e-01
1.999823000000162665e-01
1.821689000000219494e-01
1.967417000000182270e-01
2.344601000000068325e-01
1.674717000000214284e-01
1.796290000000055898e-01
1.691867000000115695e-01
1.649173000000132561e-01
2.020156000000099539e-01
1.648860999999897103e-01
2.313634999999862885e-01
1.791474000000050637e-01
1.703812000000084481e-01
1.790866000000050917e-01
1.760553999999956432e-01
1.639285999999913201e-01
1.742547999999999320e-01
2.235089000000130000e-01
1.814516000000025997e-01
1.835076000000128715e-01
1.701961999999923592e-01
1.841650000000072396e-01
1.938715000000001965e-01
1.655826000000217846e-01
2.759153000000083011e-01
1.857000999999911528e-01
1.494891999999765630e-01
1.828969999999969787e-01
1.667588000000250759e-01
1.710400000000049658e-01
1.819768000000010488e-01
2.384272000000180469e-01
1.927835999999842898e-01
1.808782999999891672e-01
1.653100999999992382e-01
1.797359000000255946e-01
1.838668999999981679e-01
1.910215999999991254e-01
2.462697999999932108e-01
1.718058000000155516e-01
1.968846999999982472e-01
1.767184999999926731e-01
1.806974000000138858e-01
1.623674000000221440e-01
1.683690999999782889e-01
2.372368999999991956e-01
1.870218999999906373e-01
1.791417000000024018e-01
1.868948999999986427e-01
1.968892999999809490e-01
1.699453999999889220e-01
1.781234000000040396e-01
2.323415000000181863e-01
2.049668000000224310e-01
1.663252999999826898e-01
1.875002999999821895e-01
1.889640999999926407e-01
1.830047999999919739e-01
2.072834999999884076e-01
2.409498999999755142e-01
1.818005000000084692e-01
1.768395999999938795e-01
1.766165999999884662e-01
1.720997000000181743e-01
1.845307000000104836e-01
1.715500000000247383e-01
2.637337000000172793e-01
1.742358000000194806e-01
1.899504999999805932e-01
2.038426999999956024e-01
1.585409000000197466e-01
2.056565999999975247e-01
1.656531000000143194e-01
2.353635999999994510e-01
1.749742000000082953e-01
1.786821000000031745e-01
1.718642999999815402e-01
1.737077000000226690e-01
2.036253999999928510e-01
1.495746000000224285e-01
2.347092999999915719e-01
1.807086000000026615e-01
1.686409000000139713e-01
1.848890999999923679e-01
1.653702999999779877e-01
1.656897999999955573e-01
1.787681999999790605e-01
2.283737000000201078e-01
2.104660999999907744e-01
2.110916000000031545e-01
1.674947999999858439e-01
1.883199000000104206e-01
1.706125999999983378e-01
1.899027000000046428e-01
2.244763000000205011e-01
1.693607000000270091e-01
1.861231000000032054e-01
1.775887000000011540e-01
1.914917999999943277e-01
1.826800999999989017e-01
1.824559000000078868e-01
2.224617999999907170e-01
1.731857000000047719e-01
1.758319999999855554e-01
1.922176000000206386e-01
1.551967000000047392e-01
1.689640999999824089e-01
1.808315000000106920e-01
2.423202999999887197e-01
1.900845999999773994e-01
1.655646000000103868e-01
1.671788000000162810e-01
2.045693999999969037e-01
1.950451999999813779e-01
1.760340000000155669e-01
2.639492000000132066e-01
1.821663000000057764e-01
1.802227000000016233e-01
1.710522000000196385e-01
1.772656999999924210e-01
1.725088999999968564e-01
1.594819000000029519e-01
2.549266999999986183e-01
2.271257000000161952e-01
1.653587000000129592e-01
1.908473000000014963e-01
1.672653999999909047e-01
1.870619000000033338e-01
1.719295999999985725e-01
2.101155999999946289e-01
1.763438999999777934e-01
1.832215000000019245e-01
1.665995999999836386e-01
1.626815999999848827e-01
2.084715999999957603e-01
1.757198999999900479e-01
2.231199000000003707e-01
1.845085999999866999e-01
1.658031999999991513e-01
1.958015000000159489e-01
1.903561999999965337e-01
1.923329999999907614e-01
1.755439000000080796e-01
2.328839999999843258e-01
1.928540000000111831e-01
1.843619999999930315e-01
1.882592999999985750e-01
1.907534999999995762e-01
1.551047000000096432e-01
1.772267999999996846e-01
2.400851000000159274e-01
1.728903000000059365e-01
1.834512000000074750e-01
1.618866999999966083e-01
1.877078999999923781e-01
2.111578999999892403e-01
1.720688999999993030e-01
2.371851999999989857e-01
1.769267999999897256e-01
1.856910000000198124e-01
1.737550999999939449e-01
1.740119000000106553e-01
1.718874000000027991e-01
1.945905999999979485e-01
2.420524000000057185e-01
1.967383999999867683e-01
1.748963999999944008e-01
1.694994000000065171e-01
1.711827000000027965e-01
1.985837000000003627e-01
1.692610999999999422e-01
2.504227000000014414e-01
1.788366000000110034e-01
1.903728999999998450e-01
1.896241000000031818e-01
1.625571999999806394e-01
1.656434999999873980e-01
1.961632999999949334e-01
2.266750000000001819e-01
1.979400000000168802e-01
1.707575000000076670e-01
1.879949000000067372e-01
1.672092999999961194e-01
1.664330000000120435e-01
1.732878999999911684e-01
2.199120999999877313e-01
1.662850999999818669e-01
1.895991000000094573e-01
1.814568000000065240e-01
1.960200999999983651e-01
2.270729999999900883e-01
1.678537000000233093e-01
2.233972999999878084e-01
1.751998000000014599e-01
1.666364000000157830e-01
2.033677000000011503e-01
1.684030000000120708e-01
1.730277999999998428e-01
1.814491000000089116e-01
2.494083999999929802e-01
1.513480999999785581e-01
2.020890000000008513e-01
1.671648999999888474e-01
2.058081000000129279e-01
1.912920999999982996e-01
1.667118999999956941e-01
2.487584999999796764e-01
1.736752999999850999e-01
1.805743000000177290e-01
1.612620999999876403e-01
1.898236000000110835e-01
1.765700999999921805e-01
1.741311999999766158e-01
2.229575000000068030e-01
1.800007999999877484e-01
1.862320000000181608e-01
1.734880999999859341e-01
1.765449000000103297e-01
1.840349000000003343e-01
1.717392999999844960e-01
2.300347000000044773e-01
1.673802999999907115e-01
2.051476999999977124e-01
1.980671999999970012e-01
1.888810000000091804e-01
1.741750999999851501e-01
1.713405999999793039e-01
2.324110000000132459e-01
1.648888999999940097e-01
1.755260000000191667e-01
1.737803000000042175e-01
1.918256000000155836e-01
1.960487000000057378e-01
1.831137000000353510e-01
2.288191999999753534e-01
1.929814999999734937e-01
1.841656999999941036e-01
1.901654999999777829e-01
1.655931999999893378e-01
1.810310999999842352e-01
2.008518000000094617e-01
2.202920000000290202e-01
1.900673000000097090e-01
1.768769999999904030e-01
1.745492000000012922e-01
1.785163000000125066e-01
1.670255999999881169e-01
1.714454000000387168e-01
2.493663999999853331e-01
1.773771000000010645e-01
1.762506000000030326e-01
1.695237999999790190e-01
1.939074999999661486e-01
1.673539999999889005e-01
1.866085999999995693e-01
2.267969000000107371e-01
2.109872999999993226e-01
1.779230000000211476e-01
1.956850000000258660e-01
1.989126000000283057e-01
1.963911000000280183e-01
2.091782000000534936e-01
2.301099000000021988e-01
1.765306000000350650e-01
1.917189000000121268e-01
1.762761999999611362e-01
1.691385000000309446e-01
1.864344000000528467e-01
1.803128999999898952e-01
2.452453999999875123e-01
1.662268000000040047e-01
1.738053999999920052e-01
1.822267000000010739e-01
1.831042999999681342e-01
1.647621000000185632e-01
1.649497999999880449e-01
2.261445999999978085e-01
1.905407000000423068e-01
1.899270000000115033e-01
1.803236999999739965e-01
1.749922000000196931e-01
1.641869999999698848e-01
1.786505000000033760e-01
2.216818999999645712e-01
1.676436000000194326e-01
1.876694000000043161e-01
1.779826000000070962e-01
1.717070000000262553e-01
1.766759000000206470e-01
1.893585999999913838e-01
2.322182999999995445e-01
1.866925999999580199e-01
1.931442000000060943e-01
1.693463999999949010e-01
1.725091000000134045e-01
1.758456000000023778e-01
1.734571999999729996e-01
2.542251000000419481e-01
1.781518999999889274e-01
1.695295000000101027e-01
1.789243000000055872e-01
1.744216000000164968e-01
1.611651999999708096e-01
1.810265000000299551e-01
2.336053999999876396e-01
1.637766000000056010e-01
1.748835000000212858e-01
1.974448999999935950e-01
1.786288000000126885e-01
2.207102999999506210e-01
1.676390000000083091e-01
2.072962999999958811e-01
1.999699000000418891e-01
1.842510000000174841e-01
1.895307999999999993e-01
1.698377999999820531e-01
1.651919000000248161e-01
1.521403000000418615e-01
2.425367000000164808e-01
1.752445999999849846e-01
2.208489000000213309e-01
1.904293999999708831e-01
1.745513999999843691e-01
1.768144000000120286e-01
1.671671000000287677e-01
2.387654000000338783e-01
1.767299999999636384e-01
1.679981000000339009e-01
1.997250999999664600e-01
1.758007999999904314e-01
1.803779999999619577e-01
2.152662999999961357e-01
2.276085999999963860e-01
2.045945000000415348e-01
1.696871000000328422e-01
1.645474999999692045e-01
2.039141999999856125e-01
1.897155999999995402e-01
1.911590999999930318e-01
2.390941000000452732e-01
1.692628999999783446e-01
1.975621999999930267e-01
2.172221000000149616e-01
1.904696000000285494e-01
1.707045999999650121e-01
1.743557000000350854e-01
2.613018000000124630e-01
1.829882000000111475e-01
1.841721000000120512e-01
2.124695999999630658e-01
1.858065000000124201e-01
1.591026000000397289e-01
2.096205000000281871e-01
2.525984000000107699e-01
2.112113000000022112e-01
1.929932000000462722e-01
1.829811000000063359e-01
1.697894000000133019e-01
1.705603000000337488e-01
1.860036999999579166e-01
2.159669999999778156e-01
1.857206999999903019e-01
1.699917999999911444e-01
1.684535999999638989e-01
2.148599000000217529e-01
1.965852000000154476e-01
1.639581000000021049e-01
2.569187999999940075e-01
1.879079000000274391e-01
1.775266999999871587e-01
1.779805999999553023e-01
1.723041000000193890e-01
1.988135000000283981e-01
1.641901999999504369e-01
2.274474999999824831e-01
2.065529000000196902e-01
1.730911999999875661e-01
1.790688000000386637e-01
1.733707000000208609e-01
1.677182999999899948e-01
1.914917999999943277e-01
2.413330999999629967e-01
1.625703999999927873e-01
1.982258000000456377e-01
1.630668000000241591e-01
1.816134999999690081e-01
1.908670999999912965e-01
1.769155000000068867e-01
2.404300000000034743e-01
1.636628999999629741e-01
1.878598999999780972e-01
1.848971000000005915e-01
1.687878000000182510e-01
1.850138000000356442e-01
1.905261999999652289e-01
2.493141000000491658e-01
1.721215999999685664e-01
1.852365000000304462e-01
1.634995000000003529e-01
2.140168999999900734e-01
1.803028000000495013e-01
1.539384000000154629e-01
2.628862999999910244e-01
1.776168999999754305e-01
1.767274999999699503e-01
1.882838999999876251e-01
1.740283999999974185e-01
1.922543000000018765e-01
1.679644000000166670e-01
2.277279000000476117e-01
1.708718000000430948e-01
1.754389000000173837e-01
1.592155999999818050e-01
1.871348999999895568e-01
1.761160000000359105e-01
1.893501000000128442e-01
2.119307000000389962e-01
1.630619000000024243e-01
1.679427999999916210e-01
2.005080999999790947e-01
1.864378999999871667e-01
1.849100000000021282e-01
1.788718000000244501e-01
2.383052999999790700e-01
1.719307999999841741e-01
1.800670000000081927e-01
1.767304000000535780e-01
1.768056999999885193e-01
1.732721000000196909e-01
1.689238000000159445e-01
2.349901000000045315e-01
1.959793999999988046e-01
1.761920999999802007e-01
1.712668000000121538e-01
1.826272000000130902e-01
1.665533999999979642e-01
2.104827000000000226e-01
2.139647999999851891e-01
1.947111000000063541e-01
1.932667000000378721e-01
1.631580000000099062e-01
1.670443000000432221e-01
2.246150000000284308e-01
1.768483000000173888e-01
2.519067000000063672e-01
1.724571999999966465e-01
1.680461000000263994e-01
1.942395999999462219e-01
1.803354999999555730e-01
1.723015000000032160e-01
1.944192999999927451e-01
2.302880999999956657e-01
1.753302000000189764e-01
1.984612000000538501e-01
1.738708999999971638e-01
1.800207000000000335e-01
1.798309000000131164e-01
1.650414999999725296e-01
2.744270000000028631e-01
1.817502999999760505e-01
1.798531000000025415e-01
1.819863000000054853e-01
1.754375999999524538e-01
1.750730999999632331e-01
1.681912999999894964e-01
2.336114999999949760e-01
1.908611999999720865e-01
1.715108999999870321e-01
1.667704999999841675e-01
1.688839999999913744e-01
1.760408999999754087e-01
1.668548000000100728e-01
2.668762000000128864e-01
1.783517000000074404e-01
1.768025000000079672e-01
1.779303000000140855e-01
2.145275000000310683e-01
1.780891000000224267e-01
1.734658999999965090e-01
2.152887999999961721e-01
1.847452999999745771e-01
1.693202000000155749e-01
1.722903000000428619e-01
1.678251000000159365e-01
1.783606000000190761e-01
1.753202000000442240e-01
2.140367000000082953e-01
1.808208999999578737e-01
1.825242000000457665e-01
1.915031000000340100e-01
1.670563000000129250e-01
1.851099000000431261e-01
2.169081000000119275e-01
2.357478000000128304e-01
1.743552000000363478e-01
1.768068999999741209e-01
1.854574000000184242e-01
1.708924999999794636e-01
1.960905999999909000e-01
1.824007999999821550e-01
2.285631999999964137e-01
1.899733999999853040e-01
1.724848000000065440e-01
1.694292999999902349e-01
1.961477000000400039e-01
1.705646999999999025e-01
1.709018999999898369e-01
2.683642000000077132e-01
1.770301000000245040e-01
1.780484000000228662e-01
1.930722999999829881e-01
1.746754000000123597e-01
1.822562000000402804e-01
1.827640000000201326e-01
2.425613999999995940e-01
1.885915999999951964e-01
1.727273000000195680e-01
1.916511000000014064e-01
1.813523999999802072e-01
1.780503999999609732e-01
1.957244999999829815e-01
2.443860000000199761e-01
1.748226000000272506e-01
1.959403999999835833e-01
1.662213999999835323e-01
1.752414000000044325e-01
1.848719999999843822e-01
1.686674000000039086e-01
2.288917999999853237e-01
1.701808000000255561e-01
1.885357999999541789e-01
1.729958999999894331e-01
1.846048999999538864e-01
2.024245999999720880e-01
1.748403999999936786e-01
2.311971999999968830e-01
1.577960999999845626e-01
1.920377999999800522e-01
1.668986000000245440e-01
1.748754999999846405e-01
1.886106000000040694e-01
1.801887999999962631e-01
2.227950999999848136e-01
1.856905000000210748e-01
1.904263999999784573e-01
2.043706999999699292e-01
1.687852999999677195e-01
1.825208000000202446e-01
1.693640999999956875e-01
2.508637999999905333e-01
1.619651000000317254e-01
1.724259999999731008e-01
1.719426000000225940e-01
1.853034000000093329e-01
1.809084000000211745e-01
1.785385000000019318e-01
2.401758000000313586e-01
1.951859000000126798e-01
1.792106999999987238e-01
1.740896000000020649e-01
1.936991000000034546e-01
1.992041999999969448e-01
1.921628000000055181e-01
2.127661999999759246e-01
1.680025000000000546e-01
1.991557000000057087e-01
1.764420000000086475e-01
1.704121999999870241e-01
1.890584000000217202e-01
1.698941999999874497e-01
2.459708000000091488e-01
1.867383999999674415e-01
1.601888000000144530e-01
1.874535999999693558e-01
1.808386000000155036e-01
1.638798000000178945e-01
2.289316999999755353e-01
2.222477999999910026e-01
1.809222999999633430e-01
1.812429999999949359e-01
1.851010999999971318e-01
1.812259999999810134e-01
1.988523999999642911e-01
2.065546000000040294e-01
2.617812999999955537e-01
1.802574000000163323e-01
2.030366999999841937e-01
1.948795999999788364e-01
1.985405000000355358e-01
2.133989000000156011e-01
1.734382999999866115e-01
2.344256000000086715e-01
1.770175999999992200e-01
1.663427999999953499e-01
1.806478000000311113e-01
1.689630000000192922e-01
1.822903999999994085e-01
2.103777000000377484e-01
2.458903999999506595e-01
2.027572000000077423e-01
1.784268999999767402e-01
1.820948999999814077e-01
1.834107000000244625e-01
1.864231000000131644e-01
1.662524999999845932e-01
2.190876999999886721e-01
1.859360999999921660e-01
1.657892999999717176e-01
1.769568000000276697e-01
2.034831000000281165e-01
1.956151999999633517e-01
1.708305000000223117e-01
2.271991999999727341e-01
2.023757999999702406e-01
1.726871999999843865e-01
1.964778999999907683e-01
1.877690000000029613e-01
1.902125000000296495e-01
1.994884000000070046e-01
2.411363999999593943e-01
1.696815999999898850e-01
1.764957999999978711e-01
1.758277000000134649e-01
1.915001000000415843e-01
1.783227999999894564e-01
1.723364999999716929e-01
2.465715999999815722e-01
1.773020999999630476e-01
1.856540999999651831e-01
1.727859000000080414e-01
1.758544000000483720e-01
2.220628999999689768e-01
1.867950000000178079e-01
2.292935999999485830e-01
1.889254999999820939e-01
1.753685999999561318e-01
1.711151000000086242e-01
1.778077000000166663e-01
1.756708000000344327e-01
1.933237000000076478e-01
2.202070999999818923e-01
1.814873000000147840e-01
2.118633999999701700e-01
1.730795000000284745e-01
1.702647999999840067e-01
1.903950000000236287e-01
1.965150000000335240e-01
2.392098999999916487e-01
1.795223000000305547e-01
1.737937999999985550e-01
1.731415999999512678e-01
1.899634000000105516e-01
1.739597999999773492e-01
1.937293999999951666e-01
2.251797999999780586e-01
1.874591000000123131e-01
1.789387000000033368e-01
