2.567737900000000018e+00
9.085419999999899687e-02
8.654459999999986053e-02
8.129659999999994113e-02
9.599299999999999500e-02
8.230879999999984875e-02
9.551339999999974850e-02
9.053500000000092029e-02
8.297570000000042967e-02
9.132619999999924687e-02
9.123849999999933402e-02
8.277290000000014913e-02
9.393249999999930822e-02
9.616180000000085215e-02
8.853659999999941022e-02
9.561759999999885906e-02
9.247919999999965057e-02
9.498989999999984946e-02
9.507409999999971717e-02
9.660439999999859140e-02
8.357750000000052637e-02
8.326279999999997017e-02
9.884150000000069269e-02
7.570180000000092946e-02
1.016914999999993796e-01
8.414819999999956224e-02
9.821230000000014115e-02
9.204189999999989880e-02
9.565210000000057278e-02
8.236710000000080356e-02
1.338778999999998831e-01
8.656610000000064531e-02
1.099901999999985946e-01
8.213289999999950908e-02
1.026209999999991851e-01
9.674520000000086384e-02
9.632679999999993470e-02
1.011839000000005484e-01
9.956919999999946924e-02
8.516569999999923368e-02
9.609159999999938861e-02
9.107480000000123255e-02
8.048969999999933123e-02
9.097959999999893910e-02
8.388410000000057209e-02
8.639390000000091163e-02
8.730770000000021014e-02
9.030809999999789284e-02
8.599590000000034706e-02
1.377794999999970571e-01
8.774200000000220712e-02
8.080509999999918591e-02
8.465940000000315990e-02
9.404110000000187597e-02
9.208620000000067307e-02
8.462079999999971847e-02
8.635840000000172267e-02
9.922650000000032833e-02
7.956030000000069435e-02
9.018490000000056739e-02
7.877969999999834272e-02
8.717090000000027317e-02
7.861550000000150362e-02
1.002033000000004392e-01
9.355080000000270957e-02
8.405770000000245545e-02
8.165719999999865308e-02
8.568239999999960332e-02
7.313230000000103814e-02
8.214169999999754168e-02
7.709630000000089467e-02
9.240480000000061978e-02
1.459496999999991829e-01
8.465909999999965407e-02
9.302809999999794854e-02
9.396350000000097680e-02
9.561590000000208533e-02
8.081449999999890110e-02
9.562920000000119103e-02
8.537680000000236191e-02
8.243939999999838619e-02
8.299940000000205487e-02
1.065865999999999758e-01
8.291559999999975616e-02
8.579770000000053187e-02
7.935409999999976094e-02
9.728990000000337091e-02
8.080110000000217951e-02
8.974629999999805818e-02
9.123120000000284335e-02
1.065666000000007330e-01
1.484115000000016948e-01
8.096279999999822508e-02
1.101737000000007072e-01
7.822529999999972006e-02
9.429330000000035739e-02
8.046739999999985571e-02
8.895010000000169725e-02
1.000081000000001552e-01
9.521930000000011773e-02
7.984850000000065506e-02
8.427679999999782012e-02
9.048429999999996198e-02
8.906839999999860424e-02
8.792029999999684264e-02
9.736469999999997071e-02
8.647009999999966112e-02
9.519819999999867832e-02
9.137109999999992738e-02
8.018330000000162272e-02
9.791640000000256805e-02
1.330829999999991742e-01
9.069880000000196674e-02
1.095353000000010013e-01
9.776229999999941356e-02
1.184839000000010856e-01
9.511029999999820461e-02
1.028778999999993005e-01
8.780840000000011969e-02
9.309430000000062932e-02
1.007245000000018820e-01
9.368399999999965644e-02
8.911270000000115488e-02
8.974050000000133309e-02
1.046647999999983369e-01
8.394659999999731781e-02
9.835050000000222781e-02
1.076346000000008019e-01
8.224159999999969273e-02
9.616469999999921470e-02
9.259670000000141954e-02
9.455110000000033210e-02
8.797320000000041773e-02
8.099250000000068894e-02
9.169219999999711490e-02
9.024629999999689289e-02
8.601420000000103983e-02
9.534710000000501395e-02
8.190650000000232467e-02
7.936440000000288819e-02
8.147410000000121499e-02
8.201379999999858228e-02
8.933210000000002537e-02
8.059730000000087102e-02
8.654689999999476413e-02
9.228559999999674801e-02
8.511750000000262162e-02
9.546449999999850888e-02
9.000910000000317268e-02
8.530890000000113105e-02
8.657550000000213686e-02
9.725540000000165719e-02
9.464709999999598722e-02
1.539179999999973347e-01
8.091389999999876181e-02
9.646349999999870306e-02
7.881299999999669126e-02
9.480879999999558549e-02
9.732780000000218479e-02
8.434880000000077871e-02
8.732210000000151240e-02
9.150999999999953616e-02
7.978260000000148011e-02
1.086195999999972628e-01
9.790699999999930014e-02
8.681610000000006266e-02
7.115370000000353912e-02
9.436440000000345663e-02
8.434770000000213486e-02
8.965119999999870970e-02
7.943010000000327864e-02
9.536159999999682668e-02
1.727987000000013040e-01
7.371729999999843130e-02
9.666630000000253631e-02
9.801920000000308164e-02
7.804390000000438476e-02
9.269619999999889615e-02
8.474449999999933425e-02
9.138020000000324217e-02
8.000129999999927577e-02
8.784719999999879292e-02
8.426860000000147011e-02
8.034549999999995862e-02
8.266030000000057498e-02
1.019635000000036484e-01
1.063128999999989333e-01
8.701079999999450365e-02
8.230220000000088021e-02
8.021659999999997126e-02
8.624499999999812871e-02
7.513660000000044192e-02
1.002012000000007674e-01
9.080450000000439559e-02
8.898130000000037398e-02
1.701285999999981868e-01
8.807509999999751926e-02
9.554829999999725487e-02
9.144230000000419523e-02
8.627049999999769625e-02
9.257010000000320815e-02
9.052080000000017890e-02
9.687559999999706406e-02
9.907960000000315404e-02
8.440769999999986339e-02
8.624069999999761649e-02
1.068418999999991570e-01
1.024238999999980138e-01
8.389439999999837028e-02
9.116039999999969723e-02
7.634259999999670754e-02
8.893079999999997654e-02
8.752849999999767761e-02
9.422699999999650800e-02
1.302043000000026041e-01
7.491070000000377149e-02
9.303930000000093514e-02
1.025777999999988310e-01
8.562649999999649708e-02
8.451929999999663323e-02
8.376299999999758938e-02
8.622270000000042955e-02
9.604159999999950514e-02
7.210669999999907986e-02
9.378240000000204191e-02
8.122350000000011505e-02
8.124269999999711445e-02
7.552090000000077907e-02
9.730689999999952988e-02
8.715130000000215205e-02
9.754479999999432493e-02
8.039229999999975007e-02
9.683349999999535385e-02
7.511799999999624333e-02
1.344601999999994746e-01
8.821670000000381151e-02
8.756379999999808206e-02
8.628969999999469565e-02
8.706870000000321852e-02
7.794599999999718420e-02
1.005007999999989465e-01
1.108143000000012535e-01
7.987170000000531900e-02
8.150329999999428310e-02
7.953669999999846141e-02
1.037201999999979307e-01
8.786299999999869215e-02
8.414189999999877045e-02
8.413670000000195159e-02
8.390649999999766351e-02
9.690319999999985612e-02
8.855559999999940146e-02
1.037408999999982484e-01
9.551150000000063756e-02
9.007009999999837646e-02
7.857270000000227128e-02
9.044999999999703277e-02
1.037473999999960483e-01
9.871499999999855390e-02
7.716109999999787306e-02
9.735599999999777765e-02
7.515130000000169730e-02
1.074961999999999307e-01
8.360809999999929687e-02
7.894329999999882830e-02
9.565719999999799938e-02
8.396580000000142263e-02
1.221067000000033431e-01
9.717129999999940537e-02
8.566679999999848860e-02
8.959610000000139962e-02
7.916469999999975471e-02
8.688839999999942165e-02
8.350530000000588871e-02
8.407619999999838001e-02
9.462199999999398869e-02
1.416760999999979731e-01
7.605670000000230857e-02
8.410089999999570409e-02
7.982609999999823458e-02
9.046899999999880038e-02
7.713280000000111158e-02
8.364149999999881402e-02
9.023899999999684951e-02
9.233689999999938891e-02
1.087005999999988148e-01
8.197599999999738429e-02
8.806450000000154432e-02
1.023077999999983945e-01
8.034580000000346445e-02
9.318269999999984066e-02
9.030239999999878364e-02
8.122600000000090859e-02
8.457429999999988013e-02
7.704820000000012215e-02
1.583445999999995024e-01
7.773499999999700094e-02
9.114969999999544825e-02
8.475390000000260216e-02
8.157640000000299096e-02
7.868110000000427817e-02
1.039782000000002427e-01
1.110956999999999084e-01
8.225970000000160098e-02
9.291060000000328500e-02
8.869959999999821321e-02
1.002782999999993763e-01
8.434019999999975425e-02
1.136199000000033266e-01
8.438040000000057717e-02
8.844309999999211414e-02
1.108616000000068880e-01
8.480869999999640640e-02
1.171377000000006774e-01
8.799860000000592208e-02
1.023035999999990509e-01
7.765249999999923602e-02
9.113099999999008105e-02
1.330205000000006521e-01
7.931539999999870361e-02
9.563119999999969423e-02
7.444139999999777046e-02
1.081537000000025728e-01
7.449689999999975498e-02
9.411860000000160653e-02
7.726519999999936772e-02
8.461839999999654083e-02
8.842309999999997672e-02
1.105523999999888929e-01
8.626820000000634536e-02
1.019651000000010299e-01
8.196769999999276024e-02
7.843239999999696010e-02
9.478719999999896118e-02
7.825649999999484407e-02
1.018051999999869395e-01
8.151159999999890715e-02
1.328424999999953116e-01
9.879180000000076234e-02
9.363220000000183063e-02
8.010950000000605087e-02
1.020343999999937523e-01
8.852160000000708351e-02
8.951450000000704676e-02
9.406950000000335876e-02
8.330789999999410611e-02
8.675639999999873453e-02
9.531820000000834625e-02
7.924610000000598120e-02
8.278879999998878247e-02
8.528309999999805768e-02
9.090869999999995343e-02
7.328440000000568944e-02
1.061619000000035840e-01
7.776810000000011769e-02
1.013004999999935762e-01
8.819660000000340005e-02
1.327962999999954263e-01
9.287480000000414293e-02
9.658259999999074807e-02
8.615450000000635100e-02
9.213100000000906675e-02
8.670039999999801239e-02
9.975499999998760359e-02
8.098549999999704596e-02
9.190239999999505471e-02
8.634520000001089102e-02
9.281509999999570937e-02
8.186199999998677868e-02
8.501520000000084565e-02
8.724960000000692162e-02
8.977129999999533538e-02
9.207820000000310756e-02
8.693559999998967669e-02
8.011809999999286447e-02
7.642160000000330911e-02
1.183510999999981550e-01
1.113663000000002512e-01
8.564420000000438904e-02
1.019515000000126292e-01
8.144520000000454729e-02
8.666080000000420114e-02
8.789009999999564116e-02
9.572280000000432665e-02
9.297430000000872496e-02
7.839069999999992433e-02
8.283199999999624197e-02
9.066030000001035205e-02
9.105369999998913499e-02
8.537069999999857828e-02
8.432529999998905623e-02
1.024485000000083801e-01
8.546950000000208547e-02
9.218870000000833898e-02
9.108260000000711898e-02
9.268540000000768941e-02
8.635250000000382897e-02
9.243179999999995289e-02
1.101211000000006379e-01
1.613200000000034606e-01
8.911770000000274194e-02
8.845530000000678683e-02
9.871090000000037890e-02
1.067385999999999058e-01
1.036281000000087715e-01
9.086430000000689233e-02
8.893940000000100099e-02
8.409279999999341726e-02
8.380800000000476757e-02
9.209849999999164538e-02
1.027311999999938052e-01
7.687020000000188702e-02
9.352299999999047486e-02
8.290809999999737556e-02
7.846779999999853317e-02
7.977830000000096788e-02
9.847030000000245309e-02
8.334589999999764132e-02
1.417193999999994958e-01
9.760719999999878382e-02
1.046910000000025320e-01
9.307159999998759758e-02
7.788920000000132404e-02
8.877880000000004657e-02
8.444470000000592336e-02
1.002737999999965268e-01
8.443730000000471136e-02
9.327660000001003482e-02
8.050910000000044420e-02
8.193829999999024949e-02
8.186170000000458913e-02
1.033132000000023254e-01
7.563780000000974724e-02
8.766760000000317632e-02
8.141360000000474884e-02
8.913049999999600459e-02
9.435380000000748169e-02
1.035551000000083377e-01
7.815300000000036107e-02
8.615360000000293894e-02
7.865789999999606152e-02
1.555911000000094191e-01
8.160770000000638902e-02
1.159851000000031718e-01
8.511479999999949086e-02
9.823719999999980246e-02
9.273550000000341242e-02
9.677369999999996253e-02
9.403759999999294905e-02
8.987290000000314194e-02
9.263219999999705578e-02
9.567590000000336659e-02
8.704790000000173222e-02
9.219190000000310192e-02
1.033073000000115371e-01
9.055560000000184573e-02
1.037854000000066890e-01
7.693369999999788433e-02
8.190929999999241318e-02
1.009034000000070819e-01
1.510117999999920357e-01
8.489799999999547708e-02
8.898599999999134980e-02
9.207539999999880820e-02
9.183799999999564534e-02
9.553390000000661075e-02
1.029499999999927695e-01
9.991420000000061918e-02
7.361519999999188713e-02
8.690150000001040098e-02
8.245529999999234860e-02
9.835780000000227119e-02
7.982979999999884058e-02
9.596500000000673936e-02
1.002057999999976801e-01
1.002940000000052123e-01
7.760520000000781238e-02
9.983979999999803567e-02
9.338990000000535474e-02
8.433449999999709235e-02
1.262127000000106136e-01
9.299160000000483706e-02
8.530589999999449446e-02
9.033609999998759577e-02
9.125109999999381216e-02
8.580969999999865649e-02
9.928130000000123800e-02
7.850220000000263099e-02
9.379739999999969768e-02
1.166339000000107262e-01
9.179629999999860956e-02
8.360759999999345382e-02
1.007905999999962887e-01
7.970480000000179643e-02
9.474149999999781357e-02
7.671369999999910760e-02
8.775470000000495929e-02
9.157659999999623324e-02
8.410329999999532902e-02
8.088709999999821321e-02
9.027640000000758391e-02
8.398990000000594591e-02
7.267709999999283355e-02
8.694429999999897518e-02
8.706550000000845557e-02
8.912959999999259253e-02
8.585150000000396631e-02
8.021549999999422198e-02
9.667909999998869353e-02
9.682960000000662149e-02
8.994929999998646508e-02
8.596119999999984884e-02
1.046857000000045446e-01
8.683449999999481861e-02
9.073639999999727479e-02
9.605200000000024829e-02
7.812320000000738673e-02
7.893839999999840984e-02
8.558770000000492928e-02
8.442990000000349937e-02
1.019430999999997312e-01
8.586419999998895491e-02
1.411038999999902899e-01
7.669560000000785749e-02
8.663800000000776436e-02
9.466079999999976735e-02
8.005940000001032786e-02
7.814799999999877400e-02
1.061668000000111078e-01
9.224299999999630018e-02
9.428350000000307318e-02
8.663690000000201508e-02
8.767280000000710061e-02
1.077355999999980440e-01
8.610199999999679221e-02
1.168296000000026424e-01
9.234559999998737112e-02
8.568189999999731299e-02
9.870229999999935444e-02
8.505350000000078126e-02
9.231630000000734526e-02
1.327919999999949141e-01
8.706399999999803185e-02
8.390249999999355168e-02
9.294220000001018889e-02
8.945370000000707478e-02
8.359750000001042736e-02
1.023794999999978472e-01
7.690770000000668460e-02
8.425989999999217162e-02
9.837830000000735708e-02
7.726629999999090614e-02
9.106709999998940930e-02
8.393719999999404990e-02
9.986589999999750944e-02
9.604620000000352320e-02
9.774450000000456384e-02
9.761260000000504533e-02
1.043915000000055215e-01
7.645960000000684431e-02
1.108954999999980373e-01
8.187209999999822685e-02
1.086664999999982228e-01
8.427749999999889496e-02
1.391838999999919224e-01
7.606120000001226344e-02
9.103470000000868367e-02
1.003935000000097943e-01
9.606540000000052260e-02
9.417189999999209249e-02
8.071440000000507098e-02
8.724370000000192249e-02
7.630199999999831562e-02
9.994859999999050615e-02
8.940110000000345281e-02
8.381229999999106894e-02
8.868770000000836262e-02
9.783819999999820993e-02
1.034259999999989077e-01
9.794060000000115451e-02
1.104834000000067817e-01
8.616130000000055134e-02
8.615749999999877673e-02
1.429935999999969454e-01
1.043731999999977234e-01
8.092569999999454922e-02
9.225879999999619940e-02
8.383389999998769326e-02
8.115429999999435040e-02
8.878319999999462198e-02
1.045942000000081862e-01
8.911050000000386717e-02
9.512379999999609481e-02
8.326559999999005868e-02
8.459959999999000502e-02
8.970039999999812608e-02
9.152670000000284745e-02
7.473309999998889452e-02
8.661250000000109139e-02
8.435000000000059117e-02
8.705710000000976834e-02
7.916369999999517404e-02
8.359480000000019118e-02
1.596457999999927324e-01
8.418399999999337524e-02
9.440549999999348074e-02
9.098670000000197433e-02
9.841540000000748023e-02
9.045779999999581378e-02
8.705940000000111922e-02
9.858640000000207237e-02
8.888599999998803014e-02
8.773669999999356151e-02
9.292709999999715365e-02
8.686660000000756554e-02
9.130009999999799675e-02
9.155210000000124637e-02
8.754890000000159489e-02
9.194979999999475240e-02
8.517009999999913816e-02
8.124860000000921900e-02
9.597850000000107684e-02
9.326959999999928641e-02
9.764420000000484379e-02
8.273590000000297096e-02
1.016264000000006718e-01
9.241200000001015269e-02
9.470299999999554075e-02
8.811169999999890479e-02
9.933680000000322252e-02
9.727959999999313823e-02
9.441350000000170439e-02
8.886679999999103075e-02
1.037759000000022525e-01
9.591740000000470445e-02
8.167439999999714928e-02
9.176520000001175958e-02
9.967659999999511911e-02
9.821820000000514028e-02
9.811139999999340944e-02
1.025585000000006630e-01
9.234480000000644395e-02
8.553179999999827032e-02
1.000472000000058870e-01
8.666709999999966385e-02
1.453075999999953183e-01
9.393070000000136588e-02
1.002256000000016911e-01
9.622219999999970241e-02
9.932780000001173448e-02
7.432760000000371292e-02
1.014079999999921711e-01
9.326249999998026396e-02
9.832170000001383414e-02
7.441639999998983512e-02
9.624599999997940358e-02
8.165239999999585052e-02
1.036007999999810636e-01
8.259820000000672735e-02
8.591799999999238935e-02
1.016238999999927728e-01
9.079919999999219726e-02
8.771029999999768734e-02
8.272299999998722342e-02
1.430503999999928055e-01
9.140060000001426488e-02
8.397759999999721003e-02
7.769659999999589672e-02
8.801210000001447042e-02
1.130872999999894546e-01
8.720230000000128712e-02
7.878479999999399297e-02
9.445989999997550512e-02
7.333169999998290223e-02
9.961630000000809559e-02
8.874090000000478540e-02
8.953270000000657092e-02
7.733770000001527478e-02
9.067840000000160217e-02
7.200919999999655374e-02
9.937189999999418433e-02
7.804949999999166721e-02
9.847750000000132786e-02
8.808690000000751752e-02
9.831060000001912158e-02
8.918510000000878790e-02
8.469289999999318752e-02
1.472693000000049324e-01
8.793860000000108812e-02
9.248180000000161272e-02
8.034140000000888904e-02
8.745480000001748522e-02
1.309262999999987187e-01
8.838729999999372922e-02
7.490779999997698724e-02
8.264080000000717519e-02
9.497829999997975392e-02
1.118002000000046792e-01
8.567949999999768806e-02
9.275510000000508626e-02
8.542979999998578933e-02
8.766739999998662825e-02
9.068929999997976665e-02
1.103731999999979507e-01
9.568770000001336484e-02
9.039370000002122651e-02
1.440320000000099299e-01
9.629410000002280867e-02
9.594989999999370411e-02
7.788030000000389919e-02
9.510089999997717314e-02
8.203520000000708023e-02
9.793980000000601649e-02
8.954510000000936998e-02
1.047646000000099775e-01
8.945750000000884938e-02
8.508409999998889361e-02
9.341999999998051862e-02
9.127980000002366978e-02
8.465209999999956381e-02
9.475750000001426088e-02
8.126839999999901920e-02
9.255569999999124775e-02
9.613310000000296895e-02
8.646320000002560846e-02
9.365139999999883003e-02
1.312877000000014505e-01
7.513810000000376021e-02
9.282559999999762113e-02
9.212259999998195781e-02
9.871269999999299216e-02
8.531310000000758009e-02
7.945229999998559833e-02
8.093279999999936081e-02
1.015304000000014639e-01
9.688249999999243300e-02
1.017185999999981050e-01
9.850900000000706314e-02
1.050093000000060783e-01
9.679330000000163636e-02
9.902819999999223910e-02
9.909930000000599648e-02
8.970519999999737593e-02
8.421429999998508720e-02
1.113578000000075008e-01
8.814530000000786458e-02
8.345869999999422362e-02
8.013379999999870051e-02
9.660639999998466010e-02
9.929619999999772517e-02
9.341879999999491702e-02
8.983580000000301879e-02
8.929029999998761014e-02
8.622479999999654865e-02
9.545220000001108929e-02
7.910830000000146356e-02
8.264769999999543870e-02
9.635199999999599640e-02
9.387390000000550572e-02
9.224879999999302527e-02
9.599719999999933862e-02
8.737460000000396576e-02
9.424230000001898588e-02
8.622909999999706088e-02
8.250339999997891027e-02
8.763880000000767723e-02
1.076829000000145697e-01
8.094019999998636195e-02
1.478807000000017524e-01
7.453749999999104148e-02
1.002721999999778291e-01
9.239830000001347798e-02
8.581229999998640778e-02
8.008469999998624189e-02
9.697930000001520057e-02
9.297050000000695036e-02
1.010122999999794047e-01
9.847610000002759989e-02
7.786029999999755091e-02
8.466440000000829968e-02
1.035838000000239845e-01
1.123099999999794818e-01
9.984219999998344974e-02
9.706840000001193403e-02
1.014863000000048032e-01
8.049940000000788132e-02
9.390729999998370658e-02
1.488648000000125649e-01
9.053819999999745960e-02
7.913089999999556312e-02
8.468279999999595020e-02
8.749699999998483690e-02
1.069482000000050448e-01
8.541510000000585023e-02
8.800690000001054614e-02
1.006662000000062562e-01
9.415580000001000371e-02
8.956519999998135972e-02
9.170449999999163992e-02
8.918760000000247601e-02
8.318129999997836421e-02
7.506419999998570347e-02
1.043828000000246448e-01
1.235239000000092346e-01
8.943009999998707826e-02
8.428940000001716726e-02
9.611699999999245847e-02
8.903499999999553438e-02
8.321890000001985754e-02
8.224119999999857100e-02
1.390983000000005632e-01
7.208140000000184955e-02
8.772860000001969638e-02
8.682429999998930725e-02
8.243129999999609936e-02
1.024862000000155149e-01
8.142910000000824766e-02
8.662850000001753870e-02
9.195149999999330248e-02
9.412489999999706924e-02
9.437400000001616718e-02
8.759050000000456748e-02
8.826549999997723717e-02
8.074699999997392297e-02
8.866770000000201435e-02
9.358219999998595995e-02
8.536630000000400287e-02
7.992790000000127293e-02
8.639519999999833999e-02
1.400235000000122909e-01
8.768369999998526509e-02
7.874280000001476765e-02
8.695140000000378677e-02
8.779720000001134395e-02
8.013049999999566353e-02
1.044134999999926094e-01
8.321050000000695945e-02
9.866900000000100590e-02
8.667750000000751243e-02
8.604740000001243061e-02
9.869619999997780724e-02
1.088474000000019259e-01
8.420320000001879635e-02
8.735679999998069434e-02
7.517479999998499807e-02
9.002379999998311177e-02
9.114819999999212996e-02
9.551310000000512446e-02
1.031326000000092336e-01
1.444200000000250839e-01
9.030699999999569627e-02
1.237973000000067714e-01
1.029231999999922209e-01
7.948680000001218104e-02
8.862409999997566956e-02
8.548490000001152112e-02
8.182390000001760200e-02
9.675920000000814980e-02
7.506109999999921456e-02
9.995670000000700384e-02
8.320050000000378532e-02
9.553660000000263608e-02
1.064066000000138956e-01
8.167860000000359832e-02
9.158999999999650754e-02
9.258019999998623462e-02
1.135763000000054035e-01
1.079274999999881857e-01
1.007015999999794076e-01
1.040048000000126649e-01
1.078356000000155746e-01
8.758600000001592889e-02
8.516080000001124972e-02
1.077090999999938958e-01
7.891799999998738713e-02
8.418079999998440144e-02
8.825600000000122236e-02
8.001489999998057101e-02
1.032215999999834821e-01
8.395110000000727268e-02
9.870050000000674117e-02
9.145150000000512591e-02
8.974840000001904627e-02
9.196489999999357678e-02
7.817479999999932261e-02
8.849299999999971078e-02
1.011680999999953201e-01
1.011211000000002969e-01
9.433400000000347063e-02
8.494590000000812324e-02
9.222230000000308792e-02
1.389155999999900359e-01
1.169222999999988133e-01
8.191479999999273787e-02
9.787209999998935928e-02
7.939559999999801221e-02
1.009348999999986063e-01
7.792190000000687178e-02
9.076630000001273402e-02
9.944010000000957916e-02
9.020370000001776134e-02
9.474599999998645217e-02
1.004278999999996813e-01
1.045294999999839547e-01
8.663359999999897809e-02
1.067127999999968324e-01
8.839000000000396540e-02
9.816589999999791871e-02
8.328629999999748179e-02
9.022020000000452455e-02
1.636011000000223703e-01
7.792739999999298561e-02
9.755240000001208500e-02
8.998940000000743566e-02
1.044334999999989577e-01
1.081098000000224602e-01
9.239590000001385306e-02
8.746489999998630083e-02
7.802829999999971733e-02
9.391759999999749198e-02
8.589900000001193803e-02
9.818839999999795509e-02
9.076520000002119559e-02
7.883180000001743792e-02
1.109637999999790736e-01
8.711320000000455366e-02
1.174230999999963387e-01
9.057610000002114248e-02
9.102210000000354739e-02
9.231750000000715772e-02
1.017592000000036023e-01
8.725540000000364671e-02
9.071660000000747459e-02
1.493152999999836084e-01
8.209070000000906475e-02
8.044810000001234584e-02
1.089689000000078067e-01
8.546960000001035951e-02
9.540339999998082021e-02
9.677840000000514920e-02
8.452309999998419698e-02
9.095020000000886284e-02
8.262469999999666470e-02
9.497629999998480343e-02
7.844479999999975917e-02
9.347710000000120090e-02
1.015940999999997985e-01
8.388700000000426371e-02
8.236370000000192704e-02
9.842209999999340653e-02
8.478920000001721746e-02
8.023689999998850908e-02
1.513145000000122309e-01
9.261040000001230510e-02
1.101375000000075488e-01
7.971000000000572072e-02
1.033861999999885484e-01
9.238479999999071879e-02
1.020287000000053013e-01
9.079790000001253247e-02
9.568049999998606836e-02
8.731130000001030567e-02
9.994489999999700558e-02
8.307669999999234278e-02
9.767479999999295615e-02
8.960150000001476656e-02
9.510589999999297106e-02
9.585649999999645843e-02
9.167999999999665306e-02
9.623730000001273766e-02
8.347240000000510918e-02
8.214599999999450120e-02
1.362450000000023920e-01
8.708530000001246663e-02
9.845749999999497959e-02
8.426190000000133296e-02
1.005934000000081596e-01
8.368989999999598695e-02
8.841160000000058972e-02
9.043230000000335167e-02
9.088779999999019310e-02
9.745510000001900153e-02
1.383855600000003960e+00
8.729859999999689535e-02
1.106685000000027230e-01
7.440180000000395921e-02
9.134670000000255641e-02
9.025700000000824730e-02
9.402300000002128400e-02
9.242130000001225199e-02
8.321089999998321218e-02
7.803359999999770480e-02
9.970520000001670269e-02
1.042961999999931777e-01
8.855439999999248357e-02
9.610600000002023080e-02
1.002535000000079890e-01
1.071408999999903244e-01
9.012889999999629254e-02
8.932020000000306936e-02
